'test_metrics': [{'test/loss': 0.6505839228630066,
                   'test/CER': 15.249651908874512,
                   'test/IER': 3.402769088745117,
                   'test/DER': 1.856683373451233,
                   'test/SER': 9.990199089050293}],

'test_metrics': [{'test/loss': 0.6505839228630066,
                   'test/inference_time': 1.4895724058151245,
                   'test/CER': 15.249651908874512,
                   'test/IER': 3.402769088745117,
                   'test/DER': 1.856683373451233,
                   'test/SER': 9.990199089050293}],