'test_metrics': [{'test/loss': 0.7320572137832642,
                   'test/CER': 22.632211685180664,
                   'test/IER': 6.119462966918945,
                   'test/DER': 2.0513246059417725,
                   'test/SER': 14.461423873901367}],

'test_metrics': [{'test/loss': 0.6505839228630066,
                   'test/inference_time': 1.4331177473068237,
                   'test/CER': 15.249651908874512,
                   'test/IER': 3.402769088745117,
                   'test/DER': 1.856683373451233,
                   'test/SER': 9.990199089050293}],