'test_metrics': [{'test/loss': 0.7902933359146118,
                   'test/inference_time': 1.3275762796401978,
                   'test/CER': 24.491655349731445,
                   'test/IER': 7.740091800689697,
                   'test/DER': 1.9036180973052979,
                   'test/SER': 14.847945213317871}],

                    1.4331177473068237,